64DD MSEQ data (64 bytes)

0x12: Sector Size - 1

64DD IPL - 0x36938
0000: 00 01 00 00 00 02 02 00 80 03 01 00 82 04 00 00
0010: A8 05 00 00 A0 06 06 00 31 76 00 00 00 02 03 00
0020: 00 00 00 00 00 00 00 00 00 00 00 00 00 00 00 00
0030: 00 00 00 00 00 00 00 00 00 00 00 00 00 06 00 00

Dezaemon 3D (J)
Read - 0x3E940
0000: 00 01 00 00 00 02 02 00 80 03 01 00 82 04 00 00
0010: A8 05 00 00 A0 06 06 00 31 76 00 00 00 02 03 00
0020: 00 00 00 00 00 00 00 00 00 00 00 00 00 00 00 00
0030: 00 00 00 00 00 00 00 00 00 00 00 00 04 06 00 00

RW area? - 0x3E980
0000: 40 02 00 00 00 02 00 00 40 13 0B 00 42 14 01 00
0010: 68 05 00 00 50 06 06 00 40 17 02 FF 01 87 00 00
0020: 40 02 00 00 00 00 00 00 00 00 00 00 00 00 00 00
0030: 00 00 00 00 00 00 00 00 00 00 00 00 04 0F 00 00

Reported to be the same on F-Zero X (U), Mario Party (E), Ocarina of Time (J/U), Pokemon Stadium (J)...